%time,field.meter,field.adc_1,field.adc_2,field.adc_3,field.adc_4,field.adc_5,field.adc_6,field.adc_7,field.adc_8
1444809574780245377,0.0,268,264,242,257,254,251,0,0
1444809574880040251,0.0,266,263,242,256,253,250,0,0
1444809574979898245,0.0,263,260,241,255,252,249,0,0
1444809575080181927,0.0,267,264,293,266,283,390,0,0
1444809575179922604,0.0,269,263,289,253,247,284,0,0
1444809575280026104,0.0,268,263,262,254,246,251,0,0
1444809575379833545,0.0,267,266,247,257,250,247,0,0
1444809575479978063,0.0,271,266,243,258,253,249,0,0
1444809575579890870,0.0,271,265,242,259,255,251,0,0
1444809575679892557,0.0,267,264,243,259,255,251,0,0
1444809575779967728,0.0,272,264,242,257,254,250,0,0
1444809581879960253,0.0,276,266,242,258,254,251,0,0
1444809581880238780,0.05,436,425,358,401,390,379,0,0
1444809581980447068,0.05,436,424,359,401,390,379,0,0
1444809582080479802,0.05,437,425,399,409,414,489,0,0
1444809582180515954,0.05,436,423,398,398,386,407,0,0
1444809582280451793,0.05,438,423,377,398,384,381,0,0
1444809582380461388,0.05,436,423,363,400,386,376,0,0
1444809582480420597,0.05,436,424,359,400,389,377,0,0
1444809582580506933,0.05,435,423,357,400,389,377,0,0
1444809582680553301,0.05,437,426,357,401,390,378,0,0
1444809582780384742,0.05,438,425,358,401,390,379,0,0
1444809582880404748,0.05,436,424,359,401,390,379,0,0
1444809582980475240,0.05,441,425,359,401,390,379,0,0
1444809583080465686,0.05,437,424,404,401,395,439,0,0
1444809583180391572,0.05,436,423,388,397,383,389,0,0
1444809583280553121,0.05,434,422,369,398,384,376,0,0
1444809583380521959,0.05,436,423,363,399,386,375,0,0
1444809583480567962,0.05,438,424,358,400,388,376,0,0
1444809583580538155,0.05,437,424,357,400,389,378,0,0
1444809583680547228,0.05,437,424,358,400,390,378,0,0
1444809583780156930,0.05,435,423,358,399,389,378,0,0
1444809589880726305,0.05,436,426,358,400,389,378,0,0
1444809589881427414,0.1,245,243,230,240,238,236,0,0
1444809589981270736,0.1,246,244,231,240,238,236,0,0
1444809590081057330,0.1,245,244,279,249,266,378,0,0
1444809590180692322,0.1,249,245,275,237,231,270,0,0
1444809590281135916,0.1,250,245,249,239,231,237,0,0
1444809590380920759,0.1,247,248,235,242,236,234,0,0
1444809590481119112,0.1,248,246,232,242,239,236,0,0
1444809590581073671,0.1,248,246,232,242,240,237,0,0
1444809590681003945,0.1,253,245,233,242,240,238,0,0
1444809590781099624,0.1,249,247,234,243,240,239,0,0
1444809590880780830,0.1,250,245,230,241,238,236,0,0
1444809590981127707,0.1,249,245,228,240,237,235,0,0
1444809591081065623,0.1,247,247,281,251,269,380,0,0
1444809591181063551,0.1,249,246,280,240,235,273,0,0
1444809591281240744,0.1,253,247,255,241,234,241,0,0
1444809591381249657,0.1,249,246,239,243,238,236,0,0
1444809591481192971,0.1,251,246,233,242,239,236,0,0
1444809591581114204,0.1,249,243,231,241,239,237,0,0
1444809591681059717,0.1,250,245,230,241,238,236,0,0
1444809591781031342,0.1,248,244,230,241,238,236,0,0
1444809597880940264,0.1,244,244,231,241,239,237,0,0
1444809597881133530,0.15,174,178,192,187,189,192,0,0
1444809597981744719,0.15,176,181,193,188,190,192,0,0
1444809598081260024,0.15,175,180,250,198,223,346,0,0
1444809598181831468,0.15,174,177,243,184,184,228,0,0
1444809598281638812,0.15,175,178,213,186,183,194,0,0
1444809598381320753,0.15,174,178,198,188,187,190,0,0
1444809598481354240,0.15,174,178,193,187,188,191,0,0
1444809598581643953,0.15,173,177,192,187,189,191,0,0
1444809598681695524,0.15,175,178,192,187,189,191,0,0
1444809598781683740,0.15,173,179,193,188,190,192,0,0
1444809598881735103,0.15,174,180,193,188,190,192,0,0
1444809598981671615,0.15,175,179,194,188,190,192,0,0
1444809599081878159,0.15,174,179,249,198,222,346,0,0
1444809599181553724,0.15,175,178,242,184,184,228,0,0
1444809599281246340,0.15,175,178,213,186,182,194,0,0
1444809599381600708,0.15,175,179,198,187,186,190,0,0
1444809599481785926,0.15,175,179,194,188,189,191,0,0
1444809599581787784,0.15,174,180,193,188,190,192,0,0
1444809599681508969,0.15,175,179,193,189,190,192,0,0
1444809599781990841,0.15,174,178,193,187,189,191,0,0
1444809605881793188,0.15,175,178,193,187,189,192,0,0
1444809605882722615,0.2,133,143,176,161,166,171,0,0
1444809605982305015,0.2,135,144,175,161,166,171,0,0
1444809606081963489,0.2,135,145,234,172,200,330,0,0
1444809606182359811,0.2,135,143,225,158,160,207,0,0
1444809606282286539,0.2,136,143,209,158,158,184,0,0
1444809606382250719,0.2,135,143,186,160,161,169,0,0
1444809606482297630,0.2,133,143,177,161,164,169,0,0
1444809606582211802,0.2,134,146,176,162,166,171,0,0
1444809606682165543,0.2,136,144,175,162,166,171,0,0
1444809606782204519,0.2,135,144,176,162,166,171,0,0
1444809606881918570,0.2,139,143,176,161,166,171,0,0
1444809606982117759,0.2,136,143,176,161,166,171,0,0
1444809607082220344,0.2,136,145,234,172,199,330,0,0
1444809607182185596,0.2,134,144,226,158,160,207,0,0
1444809607282169851,0.2,134,146,196,160,160,173,0,0
1444809607381883381,0.2,137,144,181,161,164,169,0,0
1444809607482337489,0.2,143,145,178,162,165,170,0,0
1444809607582440275,0.2,140,148,176,164,168,172,0,0
1444809607682228184,0.2,138,147,176,164,168,173,0,0
1444809607782617253,0.2,139,147,177,164,168,173,0,0
1444809613882533183,0.2,141,147,177,164,168,173,0,0
1444809613882609904,0.25,108,120,165,145,151,159,0,0
1444809613982974458,0.25,107,120,166,145,151,158,0,0
1444809614082781829,0.25,107,123,223,155,186,320,0,0
1444809614182737780,0.25,108,121,215,142,146,195,0,0
1444809614283144704,0.25,111,119,185,143,144,160,0,0
1444809614382696982,0.25,107,121,170,145,149,156,0,0
1444809614482410704,0.25,109,120,166,145,151,157,0,0
1444809614583007292,0.25,107,120,165,145,151,158,0,0
1444809614682585296,0.25,107,121,165,145,151,158,0,0
1444809614782668517,0.25,109,121,165,144,151,158,0,0
1444809614882454507,0.25,107,121,166,145,152,159,0,0
1444809614982737077,0.25,111,121,166,145,152,159,0,0
1444809615082443358,0.25,108,123,225,157,186,320,0,0
1444809615182986666,0.25,111,120,227,144,157,240,0,0
1444809615282843279,0.25,107,121,199,142,143,171,0,0
1444809615382935766,0.25,109,121,176,144,147,157,0,0
1444809615482768655,0.25,106,121,168,146,151,158,0,0
1444809615582701685,0.25,112,123,166,146,152,159,0,0
1444809615682694488,0.25,108,121,166,145,152,159,0,0
1444809615782744951,0.25,108,121,166,145,152,158,0,0
1444809621882561486,0.25,108,121,166,145,152,159,0,0
1444809621882597003,0.3,92,108,161,136,144,153,0,0
1444809621983205928,0.3,93,108,160,136,144,152,0,0
1444809622082766228,0.3,92,112,219,148,179,315,0,0
1444809622183060067,0.3,92,108,210,134,139,189,0,0
1444809622283005825,0.3,93,109,181,135,138,154,0,0
1444809622383004806,0.3,96,108,166,136,142,150,0,0
1444809622483140939,0.3,91,108,161,137,144,151,0,0
1444809622583081257,0.3,92,108,160,136,144,152,0,0
1444809622683043082,0.3,92,109,160,137,144,152,0,0
1444809622783149556,0.3,92,108,160,136,144,152,0,0
1444809622883194465,0.3,92,109,161,137,145,153,0,0
1444809622983313335,0.3,96,107,161,136,144,152,0,0
1444809623083070094,0.3,93,110,219,148,179,315,0,0
1444809623183003887,0.3,92,107,209,133,137,188,0,0
1444809623283239727,0.3,91,107,180,134,137,154,0,0
1444809623383251518,0.3,92,108,165,136,141,149,0,0
1444809623483324562,0.3,92,108,160,136,143,151,0,0
1444809623583086235,0.3,92,108,160,136,144,151,0,0
1444809623682921282,0.3,95,107,160,136,144,152,0,0
1444809623782809021,0.3,92,108,160,136,144,152,0,0
1444809629883418038,0.3,92,108,160,136,144,152,0,0
1444809629883551562,0.35,76,98,157,129,138,147,0,0
1444809629983717091,0.35,81,98,157,130,138,147,0,0
1444809630083649352,0.35,77,97,216,140,173,310,0,0
1444809630183996110,0.35,81,97,205,126,132,183,0,0
1444809630283523337,0.35,80,98,176,128,132,149,0,0
1444809630384084018,0.35,75,96,167,129,134,146,0,0
1444809630483651118,0.35,75,97,158,129,136,145,0,0
1444809630583603283,0.35,80,99,156,129,138,146,0,0
1444809630683649630,0.35,79,97,157,129,138,147,0,0
1444809630783660228,0.35,75,96,156,129,138,147,0,0
1444809630883648479,0.35,77,96,156,129,138,147,0,0
1444809630983730570,0.35,80,97,156,128,137,146,0,0
1444809631083622013,0.35,76,99,215,141,173,310,0,0
1444809631183681994,0.35,80,95,205,126,132,183,0,0
1444809631283646400,0.35,81,97,176,127,131,149,0,0
1444809631383322573,0.35,80,98,161,129,135,145,0,0
1444809631483643936,0.35,79,98,156,129,137,146,0,0
1444809631583650195,0.35,81,101,156,131,139,147,0,0
1444809631683666349,0.35,80,100,157,131,139,148,0,0
1444809631783735778,0.35,85,98,157,130,139,148,0,0
1444809637883503300,0.35,81,98,157,130,138,147,0,0
1444809637883606814,0.4,67,88,154,124,134,143,0,0
1444809637983787564,0.4,67,87,153,123,133,142,0,0
1444809638084142132,0.4,67,88,153,123,133,142,0,0
1444809638184177886,0.4,67,88,215,123,138,225,0,0
1444809638284301628,0.4,65,88,186,121,125,155,0,0
1444809638384201473,0.4,68,88,163,123,128,141,0,0
1444809638483736972,0.4,67,88,155,124,132,141,0,0
1444809638584136426,0.4,66,89,153,124,133,142,0,0
1444809638684213882,0.4,70,88,153,124,133,143,0,0
1444809638784151723,0.4,67,88,154,123,133,143,0,0
1444809638884169365,0.4,67,88,153,123,133,143,0,0
1444809638984419933,0.4,66,88,153,123,133,143,0,0
1444809639084196875,0.4,66,93,213,136,168,307,0,0
1444809639184230088,0.4,67,88,202,121,127,179,0,0
1444809639284155170,0.4,66,88,174,122,127,145,0,0
1444809639384323803,0.4,68,88,164,123,129,141,0,0
1444809639484343652,0.4,66,88,155,124,132,142,0,0
1444809639584379703,0.4,67,88,154,124,133,142,0,0
1444809639684222946,0.4,67,90,153,124,133,143,0,0
1444809639784191028,0.4,68,89,153,123,133,143,0,0
1444809645884446350,0.4,68,87,153,123,133,142,0,0
1444809645884522182,0.45,63,81,151,119,129,140,0,0
1444809645984706838,0.45,58,82,151,120,129,140,0,0
1444809646084796027,0.45,63,84,151,120,130,140,0,0
1444809646184755030,0.45,58,81,213,120,135,223,0,0
1444809646284901071,0.45,58,84,184,117,122,153,0,0
1444809646384752860,0.45,64,84,162,120,126,139,0,0
1444809646484344096,0.45,58,81,153,120,129,138,0,0
1444809646584428123,0.45,62,82,150,120,130,140,0,0
1444809646684739703,0.45,59,81,151,119,129,140,0,0
1444809646784687141,0.45,59,81,151,119,129,140,0,0
1444809646884665206,0.45,60,83,151,120,130,140,0,0
1444809646984745425,0.45,59,82,151,120,130,140,0,0
1444809647084788660,0.45,58,82,151,120,130,140,0,0
1444809647184692408,0.45,62,83,213,120,135,223,0,0
1444809647284889460,0.45,62,84,184,118,123,153,0,0
1444809647384707754,0.45,63,84,162,120,126,140,0,0
1444809647484810736,0.45,58,82,154,121,129,139,0,0
1444809647584762777,0.45,61,82,151,120,130,140,0,0
1444809647684783894,0.45,58,82,151,120,130,140,0,0
1444809647784796026,0.45,59,81,151,119,129,140,0,0
1444809653884807602,0.45,62,83,151,120,130,140,0,0
1444809653884889851,0.5,51,79,149,117,128,138,0,0
1444809653984954945,0.5,55,78,150,117,128,138,0,0
1444809654085307174,0.5,56,80,207,128,162,303,0,0
1444809654185297974,0.5,54,75,198,112,120,174,0,0
1444809654285475074,0.5,52,76,168,114,120,139,0,0
1444809654385311068,0.5,51,76,153,116,124,135,0,0
1444809654485430095,0.5,50,76,150,116,127,137,0,0
1444809654585158865,0.5,56,80,149,117,127,137,0,0
1444809654685206061,0.5,53,79,149,117,127,138,0,0
1444809654785372134,0.5,56,79,150,117,128,138,0,0
1444809654885259374,0.5,56,79,150,118,128,138,0,0
1444809654985392407,0.5,55,78,150,117,128,138,0,0
1444809655085169621,0.5,49,76,149,116,127,138,0,0
1444809655185259700,0.5,51,78,212,117,133,221,0,0
1444809655285267275,0.5,52,77,182,114,119,151,0,0
1444809655385252165,0.5,54,78,160,116,123,137,0,0
1444809655485329776,0.5,50,75,151,116,126,136,0,0
1444809655584936011,0.5,55,77,149,116,126,137,0,0
1444809655685337636,0.5,55,78,149,116,127,137,0,0
1444809655785220480,0.5,50,77,150,117,128,138,0,0
1444809661885306173,0.5,50,76,149,117,128,138,0,0
1444809661885871470,0.55,43,72,147,113,124,135,0,0
1444809661985813610,0.55,47,73,148,113,125,136,0,0
1444809662085850840,0.55,51,77,208,127,161,302,0,0
1444809662185492672,0.55,50,72,197,111,119,172,0,0
1444809662285910073,0.55,44,70,181,110,116,148,0,0
1444809662385743443,0.55,46,71,158,112,120,134,0,0
1444809662485814254,0.55,43,73,149,114,123,134,0,0
1444809662585673027,0.55,43,70,147,113,124,135,0,0
1444809662685887037,0.55,42,69,147,112,123,135,0,0
1444809662785950413,0.55,47,72,147,113,124,135,0,0
1444809662885950602,0.55,47,72,147,112,124,135,0,0
1444809662986035946,0.55,43,71,147,113,124,136,0,0
1444809663085781623,0.55,46,74,206,125,160,301,0,0
1444809663185982751,0.55,47,74,196,110,119,172,0,0
1444809663285805648,0.55,43,70,167,111,118,138,0,0
1444809663385878772,0.55,46,72,152,113,122,133,0,0
1444809663485603090,0.55,45,72,148,113,124,134,0,0
1444809663585782229,0.55,44,70,147,112,123,135,0,0
1444809663685830804,0.55,42,70,147,112,124,135,0,0
1444809663786234662,0.55,50,73,147,113,124,135,0,0
1444809669886040656,0.55,48,73,147,113,124,135,0,0
1444809669887075657,0.6,47,71,148,112,124,135,0,0
1444809669986330248,0.6,51,74,148,114,125,135,0,0
1444809670086366586,0.6,51,72,147,113,125,136,0,0
1444809670186372244,0.6,42,69,209,112,129,218,0,0
1444809670286297494,0.6,52,75,181,112,117,149,0,0
1444809670386494977,0.6,42,71,159,114,122,135,0,0
1444809670486462242,0.6,38,71,151,114,124,135,0,0
1444809670586298882,0.6,39,68,148,113,124,135,0,0
1444809670686419422,0.6,42,69,148,112,124,136,0,0
1444809670786227018,0.6,40,67,147,111,123,134,0,0
1444809670886316945,0.6,46,75,146,114,124,135,0,0
1444809670986467249,0.6,52,77,146,115,126,136,0,0
1444809671086071888,0.6,51,76,207,126,161,302,0,0
1444809671186333644,0.6,47,73,210,114,131,220,0,0
1444809671286466139,0.6,47,74,183,112,118,150,0,0
1444809671386430469,0.6,41,70,159,113,121,135,0,0
1444809671486314658,0.6,52,75,149,114,124,134,0,0
1444809671586402460,0.6,47,73,148,114,125,135,0,0
1444809671686370619,0.6,39,68,148,113,124,135,0,0
1444809671786227378,0.6,54,76,148,115,125,136,0,0
1444809677886310969,0.6,51,74,148,115,126,136,0,0
1444809677886439117,0.65,29,59,141,102,115,127,0,0
1444809677987089283,0.65,43,66,142,106,118,130,0,0
1444809678086949273,0.65,55,74,144,111,122,132,0,0
1444809678186929795,0.65,38,67,208,112,129,218,0,0
1444809678286807701,0.65,6,48,178,101,110,144,0,0
1444809678386581942,0.65,38,64,155,106,114,130,0,0
1444809678486990392,0.65,61,76,146,111,120,130,0,0
1444809678586846250,0.65,23,54,144,104,117,130,0,0
1444809678686764408,0.65,34,59,143,104,116,129,0,0
1444809678786879776,0.65,19,51,142,101,115,128,0,0
1444809678886837338,0.65,4,45,142,100,114,128,0,0
1444809678986892123,0.65,20,54,142,103,116,128,0,0
1444809679086896662,0.65,8,51,143,103,117,129,0,0
1444809679186827529,0.65,6,47,204,99,119,211,0,0
1444809679287300834,0.65,26,53,174,98,106,139,0,0
1444809679386707304,0.65,3,47,152,101,111,127,0,0
1444809679486582692,0.65,21,53,144,102,114,127,0,0
1444809679586839148,0.65,20,58,143,105,117,129,0,0
1444809679686799455,0.65,30,57,142,103,117,129,0,0
1444809679786886936,0.65,15,54,143,104,117,129,0,0
1444809685886990776,0.65,19,52,142,102,115,128,0,0
1444809685887309017,0.7,2,39,137,93,108,122,0,0
1444809685987690760,0.7,6,38,137,92,107,121,0,0
1444809686087744643,0.7,2,37,137,92,107,121,0,0
1444809686187407112,0.7,2,38,199,92,112,206,0,0
1444809686287368776,0.7,2,38,169,89,99,134,0,0
1444809686387120171,0.7,2,40,147,92,103,120,0,0
1444809686487606128,0.7,2,39,142,93,105,120,0,0
1444809686587424262,0.7,6,38,138,93,107,121,0,0
1444809686687526336,0.7,2,38,137,93,107,121,0,0
1444809686787409043,0.7,2,38,137,92,107,121,0,0
1444809686887475183,0.7,2,39,137,93,107,121,0,0
1444809686987637394,0.7,2,38,137,92,107,122,0,0
1444809687087252142,0.7,2,38,137,93,107,122,0,0
1444809687187547918,0.7,2,37,199,92,112,205,0,0
1444809687287715547,0.7,2,38,169,90,99,134,0,0
1444809687387569280,0.7,5,40,147,92,103,120,0,0
1444809687487530682,0.7,2,38,139,92,106,120,0,0
1444809687587177277,0.7,2,38,137,92,107,121,0,0
1444809687687841458,0.7,2,38,136,92,107,121,0,0
1444809687787539027,0.7,2,38,137,92,107,121,0,0
1444809693887554764,0.7,2,38,137,92,107,121,0,0
1444809693888303571,0.75,2,40,137,93,108,122,0,0
1444809693987704344,0.75,2,39,137,92,108,122,0,0
1444809694088189026,0.75,6,40,137,93,108,122,0,0
1444809694188088617,0.75,2,38,198,93,113,205,0,0
1444809694288049498,0.75,2,38,169,89,98,134,0,0
1444809694388143551,0.75,2,38,146,91,103,120,0,0
1444809694488047940,0.75,2,38,139,92,106,120,0,0
1444809694588102121,0.75,2,38,137,92,107,121,0,0
1444809694687980255,0.75,2,38,137,92,107,121,0,0
1444809694788004652,0.75,2,38,135,92,107,121,0,0
1444809694887959770,0.75,2,39,137,92,107,121,0,0
1444809694987982153,0.75,2,38,137,92,107,121,0,0
1444809695088095317,0.75,2,39,137,93,107,121,0,0
1444809695188317430,0.75,6,38,199,92,113,205,0,0
1444809695287736519,0.75,2,38,169,90,99,134,0,0
1444809695388094409,0.75,2,38,156,91,101,124,0,0
1444809695488162727,0.75,2,42,141,92,105,119,0,0
1444809695588177262,0.75,2,38,138,92,107,121,0,0
1444809695688133580,0.75,2,38,137,92,107,121,0,0
1444809695787783960,0.75,2,38,137,92,107,121,0,0
1444809701888042401,0.75,2,38,137,92,107,121,0,0
1444809701888473747,0.8,2,38,137,92,107,121,0,0
1444809701988500233,0.8,2,38,137,92,107,121,0,0
1444809702088361302,0.8,2,38,137,92,107,121,0,0
1444809702188511349,0.8,2,38,199,92,112,205,0,0
1444809702288202436,0.8,2,38,169,90,99,134,0,0
1444809702388559595,0.8,2,40,147,92,103,120,0,0
1444809702488550316,0.8,2,38,139,93,106,120,0,0
1444809702588468570,0.8,2,39,137,93,107,121,0,0
1444809702688648654,0.8,4,38,137,93,107,121,0,0
1444809702788526460,0.8,2,37,137,92,107,121,0,0
1444809702888381990,0.8,2,38,137,92,107,121,0,0
1444809702989575030,0.8,2,40,137,93,107,121,0,0
1444809703088632316,0.8,2,38,137,92,107,121,0,0
1444809703188423367,0.8,2,38,198,92,112,205,0,0
1444809703288293052,0.8,75,38,169,89,98,134,0,0
1444809703388493307,0.8,2,38,146,92,103,120,0,0
1444809703488103975,0.8,2,38,138,92,106,120,0,0
1444809703588284155,0.8,2,39,136,93,107,121,0,0
1444809703688447802,0.8,2,38,137,93,108,122,0,0
1444809703788735560,0.8,2,38,137,92,107,121,0,0
